Q1 0 33109 1
Q1 0 10778 1
Q1 0 12270 1
Q1 0 2251 1
Q1 0 16052 1
Q1 0 12120 1
Q1 0 28346 1
Q1 0 3944 1
Q1 0 30745 1
Q1 0 19092 1
Q1 0 39670 1
Q1 0 25757 1
Q1 0 25406 1
Q1 0 26462 1
Q1 0 8742 1
Q1 0 37813 1
Q1 0 4614 1
Q1 0 23317 1
Q1 0 19637 1
Q1 0 19110 1
Q2 0 19763 1
Q2 0 23369 1
Q2 0 23386 1
Q2 0 23432 1
Q2 0 7929 1
Q2 0 40488 1
Q2 0 19850 1
Q2 0 38821 1
Q2 0 19184 1
Q2 0 34917 1
Q2 0 8952 1
Q2 0 9014 1
Q2 0 9455 1
Q2 0 1673 1
Q2 0 40129 1
Q2 0 21772 1
Q2 0 11910 1
Q2 0 33697 1
Q2 0 3027 1
Q2 0 23903 1
Q3 0 35568 1
Q3 0 28553 1
Q3 0 21852 1
Q3 0 21927 1
Q3 0 36260 1
Q3 0 19113 1
Q3 0 36309 1
Q3 0 1014 1
Q3 0 5267 1
Q3 0 5184 1
Q3 0 21785 1
Q3 0 14851 1
Q3 0 19306 1
Q3 0 22002 1
Q3 0 36025 1
Q3 0 30839 1
Q3 0 11813 1
Q3 0 3598 1
Q3 0 36347 1
Q3 0 19271 1
Q4 0 14311 1
Q4 0 18368 1
Q4 0 13088 1
Q4 0 14280 1
Q4 0 25091 1
Q4 0 10448 1
Q4 0 17927 1
Q4 0 9869 1
Q4 0 4111 1
Q4 0 12395 1
Q4 0 27531 1
Q4 0 10263 1
Q4 0 28885 1
Q4 0 14341 1
Q4 0 33998 1
Q4 0 25957 1
Q4 0 5072 1
Q4 0 25894 1
Q4 0 30694 1
Q4 0 31738 1
Q5 0 32212 1
Q5 0 31268 1
Q5 0 31290 1
Q5 0 28798 1
Q5 0 29791 1
Q5 0 30072 1
Q5 0 33360 1
Q5 0 12352 1
Q5 0 8920 1
Q5 0 12366 1
Q5 0 26976 1
Q5 0 39095 1
Q5 0 32493 1
Q5 0 29154 1
Q5 0 31866 1
Q5 0 31005 1
Q5 0 30400 1
Q5 0 33076 1
Q5 0 30663 1
Q5 0 18490 1
Q6 0 12616 1
Q6 0 14891 1
Q6 0 22014 1
Q6 0 16031 1
Q6 0 10413 1
Q6 0 23181 1
Q6 0 8837 1
Q6 0 18243 1
Q6 0 11915 1
Q6 0 12904 1
Q6 0 33183 1
Q6 0 39745 1
Q6 0 31200 1
Q6 0 31695 1
Q6 0 8757 1
Q6 0 29820 1
Q6 0 13159 1
Q6 0 11031 1
Q6 0 17615 1
Q6 0 37720 1
Q7 0 39794 1
Q7 0 15032 1
Q7 0 35142 1
Q7 0 26097 1
Q7 0 41370 1
Q7 0 6373 1
Q7 0 20170 1
Q7 0 5617 1
Q7 0 36678 1
Q7 0 17316 1
Q7 0 2985 1
Q7 0 1575 1
Q7 0 25714 1
Q7 0 26945 1
Q7 0 12777 1
Q7 0 41805 1
Q7 0 33054 1
Q7 0 37152 1
Q7 0 24429 1
Q7 0 6710 1
Q8 0 17069 1
Q8 0 33090 1
Q8 0 1836 1
Q8 0 36865 1
Q8 0 10501 1
Q8 0 29016 1
Q8 0 28934 1
Q8 0 15184 1
Q8 0 15889 1
Q8 0 12647 1
Q8 0 13738 1
Q8 0 6416 1
Q8 0 19771 1
Q8 0 30970 1
Q8 0 27663 1
Q8 0 17105 1
Q8 0 17066 1
Q8 0 39567 1
Q8 0 20484 1
Q8 0 17918 1
Q9 0 22670 1
Q9 0 39441 1
Q9 0 33993 1
Q9 0 33940 1
Q9 0 18988 1
Q9 0 17826 1
Q9 0 17822 1
Q9 0 41518 1
Q9 0 33637 1
Q9 0 5594 1
Q9 0 7151 1
Q9 0 8302 1
Q9 0 39249 1
Q9 0 17792 1
Q9 0 31461 1
Q9 0 28501 1
Q9 0 26142 1
Q9 0 40304 1
Q9 0 28950 1
Q9 0 39327 1
Q10 0 3485 1
Q10 0 3174 1
Q10 0 4065 1
Q10 0 4627 1
Q10 0 1220 1
Q10 0 7468 1
Q10 0 6961 1
Q10 0 7211 1
Q10 0 622 1
Q10 0 12507 1
Q10 0 2311 1
Q10 0 11807 1
Q10 0 10045 1
Q10 0 1505 1
Q10 0 8839 1
Q10 0 8564 1
Q10 0 9153 1
Q10 0 2602 1
Q10 0 925 1
Q10 0 10898 1